SCAN: 32629
BestIsland: 32522 with error 0.407465, transformation -0.00551633   0.0152993     1.04838
Uncertainty matrix:  0.00313673 -0.00138293  0.00115856
-0.00138293  0.00481596 -0.00205876
 0.00115856 -0.00205876  0.00172474
BestCandidate: 32537 with error 0.20534, transformation -0.0059769  0.0108977   0.912665
Uncertainty matrix:  0.00266128 -0.00101567 0.000839207
-0.00101567  0.00439582 -0.00182011
0.000839207 -0.00182011  0.00150389
SCAN: 32630
BestIsland: 32522 with error 0.275136, transformation -0.00656125  0.00964068     1.05909
Uncertainty matrix:  0.00315338 -0.00138811  0.00117089
-0.00138811  0.00478253 -0.00204471
 0.00117089 -0.00204471  0.00172474
BestCandidate: 32539 with error 0.273274, transformation -0.00529043  0.00830282    0.906565
Uncertainty matrix:  0.00262685 -0.00098759 0.000818136
-0.00098759  0.00432725 -0.00178386
0.000818136 -0.00178386  0.00147778
SCAN: 32632
BestIsland: 32522 with error 0.487757, transformation -0.00500889  0.00644654     1.08357
Uncertainty matrix:  0.00321492 -0.00142238  0.00121536
-0.00142238  0.00472082 -0.00201851
 0.00121536 -0.00201851  0.00172474
BestCandidate: 32540 with error 0.490204, transformation -0.00435916   0.0040194    0.920695
Uncertainty matrix:  0.00264016 -0.00099822  0.00083217
-0.00099822  0.00428495 -0.00176381
 0.00083217 -0.00176381  0.00147041
SCAN: 32633
BestIsland: 32522 with error 0.811481, transformation -0.000223812  -0.00355891      1.09572
Uncertainty matrix:  0.00322519 -0.00142626  0.00122263
-0.00142626  0.00470559   -0.002012
 0.00122263   -0.002012  0.00172474
BestCandidate: 32534 with error 0.735084, transformation 1.61803e-05 -0.00543041    0.985327
Uncertainty matrix:  0.00280864 -0.00112628  0.00094609
-0.00112628  0.00436242 -0.00180193
 0.00094609 -0.00180193  0.00151363
SCAN: 32634
BestIsland: 32522 with error 1.0457, transformation 0.00245561 -0.0109256    1.10819
Uncertainty matrix:  0.00324271 -0.00143283  0.00123493
-0.00143283  0.00468032 -0.00200114
 0.00123493 -0.00200114  0.00172474
BestCandidate: 32548 with error 1.10088, transformation -0.000978378   -0.0109595     0.867775
Uncertainty matrix:  0.00242704 -0.00081436 0.000670826
-0.00081436  0.00401285 -0.00158943
0.000670826 -0.00158943  0.00130929
SCAN: 32635
BestIsland: 32522 with error 1.52148, transformation 0.00106876  -0.014985    1.12012
Uncertainty matrix:  0.00326684 -0.00143956  0.00125166
-0.00143956  0.00463991 -0.00198365
 0.00125166 -0.00198365  0.00172474
BestCandidate: 32537 with error 1.36978, transformation 0.00257923  -0.017322   0.983464
Uncertainty matrix:  0.00276339 -0.00109101 0.000924594
-0.00109101  0.00430235 -0.00178353
0.000924594 -0.00178353  0.00151147
SCAN: 32637
BestIsland: 32522 with error 1.74761, transformation 0.00556797 -0.0260635    1.14428
Uncertainty matrix:  0.00331623 -0.00146718  0.00128406
-0.00146718  0.00464381 -0.00199031
 0.00128406 -0.00199031  0.00174191
BestCandidate: 32555 with error 1.61443, transformation -0.00240749   -0.016535    0.839692
Uncertainty matrix:   0.00230654 -0.000697609  0.000572933
-0.000697609   0.00383989  -0.00148096
 0.000572933  -0.00148096   0.00121628
SCAN: 32638
BestIsland: 32522 with error 1.75687, transformation 0.00334147  -0.017896    1.15506
Uncertainty matrix:  0.00337343 -0.00150039  0.00132169
-0.00150039  0.00463067 -0.00198676
 0.00132169 -0.00198676  0.00175014
BestCandidate: 32537 with error 1.40714, transformation 0.00307558 -0.0183136    1.01586
Uncertainty matrix:   0.0028424 -0.00114824 0.000982736
-0.00114824  0.00430513  -0.0017911
0.000982736  -0.0017911  0.00153293
SCAN: 32639
BestIsland: 32522 with error 1.79457, transformation 0.00311199 -0.0212231     1.1649
Uncertainty matrix:  0.00339409  -0.0015053   0.0013353
 -0.0015053  0.00459941 -0.00197294
  0.0013353 -0.00197294  0.00175014
BestCandidate: 32572 with error 1.72941, transformation -0.00597753 -0.00752206    0.703564
Uncertainty matrix:   0.00198016 -0.000351244  0.000271043
-0.000351244   0.00332481  -0.00110415
 0.000271043  -0.00110415  0.000852039
SCAN: 32640
BestIsland: 32522 with error 1.78919, transformation  0.0072922 -0.0178357    1.17533
Uncertainty matrix:   0.0034392 -0.00153649  0.00136407
-0.00153649  0.00461179 -0.00198051
 0.00136407 -0.00198051  0.00175826
BestCandidate: 32575 with error 1.53583, transformation -0.00427928 -0.00236023    0.685291
Uncertainty matrix:   0.00197231 -0.000339424  0.000259557
-0.000339424   0.00329618  -0.00107503
 0.000259557  -0.00107503  0.000822071
SCAN: 32642
BestIsland: 32522 with error 1.85682, transformation 0.00848147 -0.0202647    1.19766
Uncertainty matrix:  0.00351571 -0.00157937  0.00141124
-0.00157937  0.00462996 -0.00199429
 0.00141124 -0.00199429    0.001782
BestCandidate: 32562 with error 1.53016, transformation 0.00307232 -0.0109357   0.824679
Uncertainty matrix:   0.00221087 -0.000607428   0.00048402
-0.000607428   0.00364413   -0.0013196
  0.00048402   -0.0013196   0.00105151
SCAN: 32643
BestIsland: 32522 with error 2.11636, transformation  0.0102233 -0.0250991    1.20873
Uncertainty matrix:  0.00353167 -0.00157619  0.00142176
-0.00157619  0.00457289  -0.0019669
 0.00142176  -0.0019669  0.00177419
BestCandidate: 32593 with error 1.91796, transformation -0.00209461  -0.0143987    0.550047
Uncertainty matrix:   0.00198755 -0.000355741   0.00027379
-0.000355741   0.00330346  -0.00108205
  0.00027379  -0.00108205  0.000832778
SCAN: 32644
BestIsland: 32522 with error 2.17989, transformation 0.00860893 -0.0276497    1.22104
Uncertainty matrix:  0.00356814 -0.00158831  0.00144397
-0.00158831  0.00455417 -0.00196014
 0.00144397 -0.00196014    0.001782
BestCandidate: 32552 with error 1.83605, transformation   0.008604 -0.0211671   0.938144
Uncertainty matrix:   0.00250593 -0.000884334  0.000736852
-0.000884334   0.00393389  -0.00154194
 0.000736852  -0.00154194   0.00128478
SCAN: 32645
BestIsland: 32522 with error 1.87768, transformation  0.0125304 -0.0231866    1.23057
Uncertainty matrix:  0.00362233 -0.00162735  0.00147632
-0.00162735  0.00459342 -0.00198112
 0.00147632 -0.00198112  0.00179727
BestCandidate: 32562 with error 1.69668, transformation 0.00341184 -0.0172374   0.858912
Uncertainty matrix:    0.0022526 -0.000648664  0.000521291
-0.000648664   0.00363583  -0.00131783
 0.000521291  -0.00131783   0.00105906
SCAN: 32647
BestIsland: 32522 with error 1.95691, transformation  0.0162829 -0.0147671    1.24678
Uncertainty matrix:  0.00370025 -0.00166345  0.00152301
-0.00166345  0.00455364 -0.00196299
 0.00152301 -0.00196299  0.00179727
BestCandidate: 32545 with error 1.7759, transformation  0.0107665 -0.0153649    1.03462
Uncertainty matrix:  0.00280915 -0.00111583 0.000966022
-0.00111583  0.00407735 -0.00166007
0.000966022 -0.00166007  0.00143719
SCAN: 32648
BestIsland: 32522 with error 2.06531, transformation  0.0103396 -0.0175184    1.25954
Uncertainty matrix:   0.0037398 -0.00166725    0.001546
-0.00166725  0.00451441 -0.00194629
   0.001546 -0.00194629  0.00180474
BestCandidate: 32603 with error 1.84892, transformation   0.0032081 -0.00949416     0.49568
Uncertainty matrix:   0.00203953 -0.000422677  0.000326688
-0.000422677   0.00331343  -0.00108313
 0.000326688  -0.00108313  0.000837157
SCAN: 32649
BestIsland: 32522 with error 1.67531, transformation   0.0138428 -0.00903505     1.26751
Uncertainty matrix:  0.00379919 -0.00170369  0.00158014
-0.00170369  0.00452784 -0.00195377
 0.00158014 -0.00195377  0.00181209
BestCandidate: 32545 with error 1.71536, transformation 0.0126966 -0.011246    1.0537
Uncertainty matrix:  0.00286374 -0.00115183  0.00100443
-0.00115183  0.00406186 -0.00165455
 0.00100443 -0.00165455  0.00144281
SCAN: 32954
BestIsland: 31328 with error 2.16367, transformation   4.66455 0.0301671  -3.05865
Uncertainty matrix:   0.00166042  0.000362549 -0.000108834
 0.000362549   0.00787491  -0.00187185
-0.000108834  -0.00187185  0.000561911
BestCandidate: 31344 with error 1.95051, transformation  4.65962 0.022248 -3.06001
Uncertainty matrix:   0.00166232  0.000352685 -0.000106585
 0.000352685   0.00777568  -0.00185366
-0.000106585  -0.00185366  0.000560195
SCAN: 32955
BestIsland: 31328 with error 2.05381, transformation   4.65549 0.0249752  -3.06041
Uncertainty matrix:   0.00166105   0.00036682 -0.000110429
  0.00036682   0.00783955  -0.00186654
-0.000110429  -0.00186654  0.000561909
BestCandidate: 31343 with error 1.89851, transformation   4.64508 0.0191548  -3.06044
Uncertainty matrix:   0.00165656   0.00037011 -0.000112327
  0.00037011   0.00770366  -0.00184212
-0.000112327  -0.00184212  0.000559077
SCAN: 32965
BestIsland: 31313 with error 2.11836, transformation    4.6595 0.0304113  -3.05824
Uncertainty matrix:   0.00165263  0.000386994 -0.000115913
 0.000386994    0.0078774  -0.00187162
-0.000115913  -0.00187162  0.000560589
BestCandidate: 31325 with error 1.80569, transformation   4.65876 0.0241747  -3.06095
Uncertainty matrix:   0.00165471  0.000381213 -0.000114572
 0.000381213   0.00784379  -0.00186713
-0.000114572  -0.00186713   0.00056116
SCAN: 32968
BestIsland: 31345 with error 2.35517, transformation   4.47868 0.0113533  -3.05951
Uncertainty matrix:   0.00165787  0.000360934 -0.000115462
 0.000360934    0.0070893  -0.00174515
-0.000115462  -0.00174515   0.00055827
BestCandidate: 31358 with error 1.94232, transformation   4.45481 0.0073042  -3.06063
Uncertainty matrix:   0.00166239  0.000352487 -0.000113825
 0.000352487   0.00703021  -0.00174081
-0.000113825  -0.00174081  0.000562141
SCAN: 32973
BestIsland: 31345 with error 2.32259, transformation   4.46993 0.0103808  -3.06237
Uncertainty matrix:    0.0016572  0.000354807 -0.000113844
 0.000354807   0.00705662  -0.00173991
-0.000113844  -0.00173991  0.000558268
BestCandidate: 31358 with error 1.90177, transformation  4.45814 0.008041 -3.06149
Uncertainty matrix:  0.00166196 0.000349515 -0.00011275
0.000349515   0.0070412 -0.00174259
-0.00011275 -0.00174259 0.000562144
SCAN: 32974
BestIsland: 31313 with error 2.28414, transformation   4.64016 0.0308901   -3.0593
Uncertainty matrix:    0.0016522  0.000381242 -0.000114864
 0.000381242    0.0078043  -0.00186064
-0.000114864  -0.00186064   0.00056059
BestCandidate: 31325 with error 1.94508, transformation   4.63653 0.0248797  -3.06191
Uncertainty matrix:   0.00165426  0.000374958 -0.000113458
 0.000374958   0.00776016  -0.00185452
-0.000113458  -0.00185452  0.000561154
SCAN: 32975
BestIsland: 31313 with error 2.16347, transformation   4.63872 0.0244149  -3.06443
Uncertainty matrix:   0.00165213  0.000380374 -0.000114693
 0.000380374   0.00779446  -0.00185916
-0.000114693  -0.00185916  0.000560587
BestCandidate: 31323 with error 1.86243, transformation   4.61695 0.0248683  -3.05888
Uncertainty matrix:   0.00165521  0.000380917 -0.000115839
 0.000380917   0.00770557  -0.00184721
-0.000115839  -0.00184721  0.000561748
SCAN: 32977
BestIsland: 31313 with error 2.12064, transformation   4.65453 0.0321372  -3.05858
Uncertainty matrix:   0.00165213  0.000382363 -0.000114699
 0.000382363   0.00785849  -0.00186879
-0.000114699  -0.00186879  0.000560588
BestCandidate: 31323 with error 1.85435, transformation   4.65164 0.0254124   -3.0615
Uncertainty matrix:   0.00165428  0.000377337 -0.000113573
 0.000377337   0.00783218  -0.00186637
-0.000113573  -0.00186637  0.000561748
SCAN: 32978
BestIsland: 31328 with error 1.91859, transformation    4.5526 0.0239542  -3.05996
Uncertainty matrix:   0.00166141  0.000358412 -0.000111343
 0.000358412   0.00746177  -0.00180878
-0.000111343  -0.00180878  0.000561909
BestCandidate: 31338 with error 1.74312, transformation   4.54636 0.0216726  -3.05892
Uncertainty matrix:   0.00165734  0.000366688 -0.000114461
 0.000366688   0.00739264  -0.00179755
-0.000114461  -0.00179755    0.0005611
SCAN: 32979
BestIsland: 31313 with error 2.15615, transformation    4.6382 0.0384008  -3.05749
Uncertainty matrix:   0.00165104   0.00037154 -0.000111992
  0.00037154   0.00779862  -0.00185979
-0.000111992  -0.00185979  0.000560593
BestCandidate: 31323 with error 1.89645, transformation    4.6283 0.0366881  -3.05497
Uncertainty matrix:    0.0016537  0.000370057 -0.000112118
 0.000370057   0.00775097   -0.0018541
-0.000112118   -0.0018541  0.000561747
SCAN: 32980
BestIsland: 31313 with error 2.35577, transformation   4.57494 0.0349507  -3.05888
Uncertainty matrix:    0.0016514  0.000367356 -0.000112895
 0.000367356   0.00756432  -0.00182413
-0.000112895  -0.00182413  0.000560589
BestCandidate: 31325 with error 1.93535, transformation   4.56602 0.0283714   -3.0612
Uncertainty matrix:  0.00165369  0.00036236 -0.00011203
 0.00036236  0.00750208 -0.00181505
-0.00011203 -0.00181505 0.000561158
SCAN: 32982
BestIsland: 31295 with error 2.18616, transformation    4.6568 0.0411431  -3.06208
Uncertainty matrix:   0.00165146  0.000381523 -0.000113589
 0.000381523   0.00801271  -0.00190069
-0.000113589  -0.00190069  0.000565881
BestCandidate: 31309 with error 1.98508, transformation   4.64603 0.0343115  -3.06255
Uncertainty matrix:   0.00165135  0.000375708 -0.000112849
 0.000375708   0.00785155  -0.00186913
-0.000112849  -0.00186913  0.000561417
SCAN: 32983
BestIsland: 31313 with error 2.26433, transformation   4.55381 0.0343363  -3.05768
Uncertainty matrix:   0.0016519 0.000368996 -0.00011413
0.000368996  0.00748854 -0.00181245
-0.00011413 -0.00181245  0.00056059
BestCandidate: 31324 with error 1.84777, transformation   4.54599 0.0288934  -3.05831
Uncertainty matrix:   0.00166096  0.000355035 -0.000110334
 0.000355035   0.00747106  -0.00181231
-0.000110334  -0.00181231   0.00056321
SCAN: 32984
BestIsland: 31313 with error 2.29152, transformation   4.54941 0.0337162  -3.05769
Uncertainty matrix:   0.00165204  0.000369601 -0.000114473
 0.000369601   0.00747259  -0.00180999
-0.000114473  -0.00180999  0.000560591
BestCandidate: 31325 with error 1.89264, transformation    4.5453 0.0277214  -3.05959
Uncertainty matrix:  0.00165432 0.000365125  -0.0001136
0.000365125  0.00742843 -0.00180363
 -0.0001136 -0.00180363 0.000561158
SCAN: 32987
BestIsland: 31313 with error 2.2222, transformation   4.54706 0.0354191  -3.05872
Uncertainty matrix:   0.00165134  0.000363759 -0.000112754
 0.000363759    0.0074632  -0.00180853
-0.000112754  -0.00180853  0.000560591
BestCandidate: 31323 with error 1.91601, transformation   4.54083 0.0339688  -3.05605
Uncertainty matrix:   0.00165399  0.000362527 -0.000112836
 0.000362527   0.00742999  -0.00180483
-0.000112836  -0.00180483  0.000561749
SCAN: 32989
BestIsland: 31313 with error 2.03242, transformation   4.54655 0.0333997  -3.06019
Uncertainty matrix:   0.00165136  0.000363796 -0.000112796
 0.000363796   0.00746008  -0.00180805
-0.000112796  -0.00180805   0.00056059
BestCandidate: 31323 with error 1.71709, transformation   4.54301 0.0267538  -3.06257
Uncertainty matrix:   0.00165366  0.000359989 -0.000112022
 0.000359989   0.00743242   -0.0018052
-0.000112022   -0.0018052  0.000561747
SCAN: 32990
BestIsland: 31313 with error 1.96778, transformation   4.54486 0.0372699  -3.05806
Uncertainty matrix:   0.00165112  0.000361756 -0.000112205
 0.000361756   0.00745578  -0.00180738
-0.000112205  -0.00180738  0.000560589
BestCandidate: 31318 with error 1.77267, transformation   4.54142 0.0339884  -3.05785
Uncertainty matrix:   0.00165391  0.000363185 -0.000112809
 0.000363185   0.00747147  -0.00181401
-0.000112809  -0.00181401  0.000563447
SCAN: 32992
BestIsland: 31313 with error 2.09629, transformation  4.54955 0.039831 -3.05778
Uncertainty matrix:   0.00165063  0.000358321 -0.000110975
 0.000358321   0.00747301  -0.00181005
-0.000110975  -0.00181005   0.00056059
BestCandidate: 31325 with error 1.88222, transformation   4.54096 0.0354073  -3.05958
Uncertainty matrix:   0.00165261  0.000350808 -0.000109293
 0.000350808    0.0074128   -0.0018012
-0.000109293   -0.0018012  0.000561161
SCAN: 32993
BestIsland: 31313 with error 2.18525, transformation 4.53778 0.04322 -3.0569
Uncertainty matrix:   0.00165014  0.000353018 -0.000109726
 0.000353018   0.00743125  -0.00180357
-0.000109726  -0.00180357  0.000560591
BestCandidate: 31323 with error 1.89102, transformation   4.53779 0.0381094  -3.05693
Uncertainty matrix:    0.0016528  0.000352585 -0.000109853
 0.000352585   0.00741825  -0.00180299
-0.000109853  -0.00180299  0.000561747
SCAN: 32994
BestIsland: 31313 with error 1.96563, transformation   4.54456 0.0415165  -3.05806
Uncertainty matrix:   0.00165018  0.000354049 -0.000109824
 0.000354049   0.00745469  -0.00180721
-0.000109824  -0.00180721  0.000560589
BestCandidate: 31318 with error 1.71475, transformation    4.5389 0.0406366  -3.05609
Uncertainty matrix:   0.00165294  0.000355117 -0.000110375
 0.000355117   0.00746384  -0.00181282
-0.000110375  -0.00181282  0.000563446
SCAN: 32995
BestIsland: 31313 with error 2.03988, transformation   4.53541 0.0382844  -3.06165
Uncertainty matrix:   0.00164985  0.000350232 -0.000108978
 0.000350232   0.00741861   -0.0018016
-0.000108978   -0.0018016  0.000560588
BestCandidate: 31323 with error 1.74484, transformation   4.53511 0.0368332  -3.05838
Uncertainty matrix:   0.00165266  0.000351083 -0.000109487
 0.000351083   0.00740741  -0.00180131
-0.000109487  -0.00180131  0.000561748
SCAN: 32998
BestIsland: 31313 with error 2.20851, transformation    4.4563 0.0374584   -3.0583
Uncertainty matrix:   0.00165101  0.000350915 -0.000111918
 0.000350915   0.00713984   -0.0017577
-0.000111918   -0.0017577  0.000560587
BestCandidate: 31324 with error 1.86685, transformation   4.44187 0.0319248  -3.05842
Uncertainty matrix:   0.00166026  0.000337985 -0.000108548
 0.000337985   0.00709965  -0.00175365
-0.000108548  -0.00175365  0.000563206
SCAN: 32999
BestIsland: 31313 with error 2.24858, transformation   4.47188 0.0359722  -3.06103
Uncertainty matrix:   0.00165054  0.000348848 -0.000110732
 0.000348848   0.00719251  -0.00176608
-0.000110732  -0.00176608   0.00056059
BestCandidate: 31325 with error 1.82006, transformation   4.46384 0.0343778  -3.05828
Uncertainty matrix:   0.00165322  0.000347266 -0.000110843
 0.000347266   0.00713936  -0.00175809
-0.000110843  -0.00175809  0.000561157
SCAN: 33000
BestIsland: 31313 with error 2.37729, transformation   4.46535 0.0365706   -3.0596
Uncertainty matrix:   0.00165082  0.000350432 -0.000111454
 0.000350432   0.00717064   -0.0017626
-0.000111454   -0.0017626  0.000560589
BestCandidate: 31325 with error 1.9824, transformation   4.45619 0.0317343  -3.06002
Uncertainty matrix:   0.00165329  0.000346939 -0.000111024
 0.000346939   0.00711112  -0.00175358
-0.000111024  -0.00175358  0.000561161
SCAN: 33002
BestIsland: 31313 with error 2.27909, transformation   4.45144 0.0425429  -3.05629
Uncertainty matrix:   0.00165047  0.000346165 -0.000110558
 0.000346165   0.00712447  -0.00175524
-0.000110558  -0.00175524  0.000560588
BestCandidate: 31323 with error 1.92365, transformation   4.43986 0.0374872  -3.05683
Uncertainty matrix:  0.00165297 0.000343162 -0.00011028
0.000343162  0.00707061   -0.001748
-0.00011028   -0.001748 0.000561749
SCAN: 33004
BestIsland: 31313 with error 2.05633, transformation   4.45474 0.0419167  -3.05885
Uncertainty matrix:   0.00164986  0.000341615 -0.000109011
 0.000341615   0.00713389  -0.00175675
-0.000109011  -0.00175675  0.000560588
BestCandidate: 31323 with error 1.72645, transformation   4.44958 0.0363036  -3.05979
Uncertainty matrix:   0.00165237  0.000339328 -0.000108733
 0.000339328   0.00710222  -0.00175307
-0.000108733  -0.00175307  0.000561747
SCAN: 33005
BestIsland: 31313 with error 2.09896, transformation   4.45315 0.0472607  -3.05571
Uncertainty matrix:    0.0016496  0.000339428 -0.000108342
 0.000339428   0.00713097  -0.00175629
-0.000108342  -0.00175629   0.00056059
BestCandidate: 31318 with error 1.80316, transformation   4.45181 0.0453982  -3.05437
Uncertainty matrix:    0.0016524  0.000341159 -0.000108972
 0.000341159   0.00715381  -0.00176398
-0.000108972  -0.00176398  0.000563447
SCAN: 33007
BestIsland: 31394 with error 2.00606, transformation    3.97861 0.00861182   -3.04995
Uncertainty matrix:   0.00168008   0.00027454 -0.000104589
  0.00027454   0.00563912  -0.00151546
-0.000104589  -0.00151546   0.00057733
BestCandidate: 31399 with error 1.85421, transformation    3.95697 0.00752539   -3.04988
Uncertainty matrix:   0.00168204  0.000266841 -0.000102457
 0.000266841   0.00558844  -0.00150688
-0.000102457  -0.00150688  0.000578582
SCAN: 33008
BestIsland: 31394 with error 2.19555, transformation   3.95894 0.0031148  -3.05378
Uncertainty matrix:  0.00168014  0.00027288 -0.00010477
 0.00027288   0.0055776  -0.0015037
-0.00010477  -0.0015037 0.000577332
BestCandidate: 31398 with error 1.82409, transformation     3.95627 1.65595e-05    -3.05651
Uncertainty matrix:   0.00168185  0.000265379 -0.000101956
 0.000265379   0.00558495  -0.00150642
-0.000101956  -0.00150642  0.000578749
SCAN: 33009
BestIsland: 31313 with error 2.18588, transformation   4.43472 0.0439625  -3.05663
Uncertainty matrix:   0.00165006  0.000341036 -0.000109508
 0.000341036   0.00706564  -0.00174583
-0.000109508  -0.00174583   0.00056059
BestCandidate: 31318 with error 1.93062, transformation    4.4338 0.0410709  -3.05678
Uncertainty matrix:   0.00165265  0.000341131 -0.000109614
 0.000341131   0.00708843  -0.00175351
-0.000109614  -0.00175351  0.000563446
SCAN: 33011
BestIsland: 31313 with error 2.07796, transformation   4.45345 0.0468966  -3.05553
Uncertainty matrix:   0.00164973  0.000340514 -0.000108677
 0.000340514   0.00713218  -0.00175648
-0.000108677  -0.00175648  0.000560589
BestCandidate: 31318 with error 1.85379, transformation  4.45121 0.044119 -3.05532
Uncertainty matrix:    0.0016524  0.000341105 -0.000108984
 0.000341105   0.00715087  -0.00176351
-0.000108984  -0.00176351  0.000563446
SCAN: 33012
BestIsland: 31313 with error 2.11137, transformation   4.44413 0.0435421  -3.05851
Uncertainty matrix:   0.00164961  0.000338416 -0.000108354
 0.000338416   0.00709701  -0.00175086
-0.000108354  -0.00175086  0.000560591
BestCandidate: 31318 with error 1.88413, transformation   4.43831 0.0423569  -3.05611
Uncertainty matrix:   0.00165256  0.000340942 -0.000109389
 0.000340942   0.00710479  -0.00175613
-0.000109389  -0.00175613  0.000563445
SCAN: 33013
BestIsland: 31313 with error 1.9763, transformation   4.44286 0.0476321  -3.05517
Uncertainty matrix:   0.00164968  0.000338925 -0.000108534
 0.000338925   0.00709534  -0.00175059
-0.000108534  -0.00175059   0.00056059
BestCandidate: 31318 with error 1.76361, transformation   4.43995 0.0444711  -3.05491
Uncertainty matrix:   0.00165244  0.000340224 -0.000109091
 0.000340224    0.0071116  -0.00175723
-0.000109091  -0.00175723  0.000563448
SCAN: 33014
BestIsland: 31313 with error 1.89426, transformation   4.45139 0.0428964  -3.05706
Uncertainty matrix:   0.00165017  0.000343727 -0.000109788
 0.000343727   0.00712364  -0.00175511
-0.000109788  -0.00175511   0.00056059
BestCandidate: 31318 with error 1.68433, transformation   4.44518 0.0405022  -3.05661
Uncertainty matrix:   0.00165282  0.000343784 -0.000110063
 0.000343784   0.00712854  -0.00175994
-0.000110063  -0.00175994  0.000563444
SCAN: 33015
BestIsland: 31362 with error 1.84739, transformation   4.14667 0.0146061  -3.05722
Uncertainty matrix:   0.00166835  0.000306427 -0.000109408
 0.000306427   0.00613948  -0.00160386
-0.000109408  -0.00160386  0.000572652
BestCandidate: 31373 with error 1.80401, transformation   4.09567 0.0137031   -3.0484
Uncertainty matrix:   0.0016814 0.000297205 -0.00010816
0.000297205  0.00601825 -0.00158566
-0.00010816 -0.00158566 0.000577057
SCAN: 33017
BestIsland: 31394 with error 2.07821, transformation   3.91529 0.0018123  -3.05092
Uncertainty matrix:   0.00168376  0.000275741 -0.000107435
 0.000275741   0.00549044  -0.00149091
-0.000107435  -0.00149091   0.00058089
BestCandidate: 31402 with error 1.83865, transformation     3.90385 -0.00482642    -3.05704
Uncertainty matrix:   0.00168492  0.000262751 -0.000102934
 0.000262751   0.00544826  -0.00148146
-0.000102934  -0.00148146  0.000580367
SCAN: 33018
BestIsland: 31328 with error 2.05957, transformation     4.301 0.0291573  -3.06027
Uncertainty matrix:   0.00166266  0.000321251 -0.000108054
 0.000321251    0.0066461  -0.00168314
-0.000108054  -0.00168314  0.000566132
BestCandidate: 31338 with error 1.80193, transformation   4.26086 0.0247937  -3.05867
Uncertainty matrix:   0.00166165  0.000330146 -0.000112697
 0.000330146   0.00652611  -0.00166812
-0.000112697  -0.00166812  0.000569418
SCAN: 33019
BestIsland: 31328 with error 2.37524, transformation   4.27854 0.0255618  -3.06073
Uncertainty matrix:  0.00166331 0.000323786 -0.00010974
0.000323786  0.00657045 -0.00167037
-0.00010974 -0.00167037  0.00056613
BestCandidate: 31338 with error 1.9336, transformation   4.25492 0.0235041  -3.05796
Uncertainty matrix:   0.00166216  0.000333215 -0.000113969
 0.000333215   0.00650689  -0.00166484
-0.000113969  -0.00166484  0.000569421
SCAN: 33020
BestIsland: 31378 with error 2.09365, transformation    3.97554 0.00110024   -3.05321
Uncertainty matrix:   0.00167731  0.000293632 -0.000111807
 0.000293632   0.00563265  -0.00151433
-0.000111807  -0.00151433  0.000576614
BestCandidate: 31385 with error 1.82114, transformation   3.95063 0.0019545  -3.05083
Uncertainty matrix:   0.00168947  0.000281443 -0.000108045
 0.000281443   0.00562518  -0.00151859
-0.000108045  -0.00151859  0.000582978
SCAN: 33022
BestIsland: 31378 with error 1.97225, transformation     3.95848 -0.00232116    -3.05504
Uncertainty matrix:   0.00168003  0.000292994 -0.000112086
 0.000292994   0.00562287  -0.00151664
-0.000112086  -0.00151664  0.000580199
BestCandidate: 31392 with error 1.60998, transformation     3.94687 -0.00282162    -3.05276
Uncertainty matrix:   0.00168459  0.000285226 -0.000109722
 0.000285226   0.00559504  -0.00151225
-0.000109722  -0.00151225   0.00058174
SCAN: 33023
BestIsland: 31328 with error 2.23132, transformation   4.26319 0.0249167  -3.05907
Uncertainty matrix:   0.00166394  0.000326878 -0.000111353
 0.000326878   0.00652053  -0.00166189
-0.000111353  -0.00166189  0.000566132
BestCandidate: 31338 with error 1.77843, transformation   4.24438 0.0221442  -3.05754
Uncertainty matrix:    0.0016626  0.000335212 -0.000115063
 0.000335212   0.00647215  -0.00165888
-0.000115063  -0.00165888  0.000569419
SCAN: 33024
BestIsland: 31328 with error 1.97413, transformation   4.29406 0.0198853  -3.06478
Uncertainty matrix:   0.00166337  0.000325901 -0.000109911
 0.000325901   0.00661945  -0.00167865
-0.000109911  -0.00167865  0.000566129
BestCandidate: 31338 with error 1.78898, transformation   4.25749 0.0194721  -3.05977
Uncertainty matrix:   0.00166253  0.000336162 -0.000114892
 0.000336162   0.00651406  -0.00166606
-0.000114892  -0.00166606  0.000569418
SCAN: 33025
BestIsland: 31328 with error 2.11466, transformation   4.28191 0.0148041  -3.06795
Uncertainty matrix:   0.00166357  0.000325945 -0.000110403
 0.000325945   0.00657654   -0.0016714
-0.000110403   -0.0016714  0.000566133
BestCandidate: 31338 with error 1.7742, transformation  4.26088 0.012922 -3.06533
Uncertainty matrix:   0.00166233  0.000334993 -0.000114407
 0.000334993   0.00652139  -0.00166732
-0.000114407  -0.00166732  0.000569422
SCAN: 33027
BestIsland: 31328 with error 2.11006, transformation   4.26195 0.0204869   -3.0632
Uncertainty matrix:    0.0016637   0.00032489 -0.000110757
  0.00032489    0.0065134  -0.00166067
-0.000110757  -0.00166067  0.000566131
BestCandidate: 31338 with error 1.80051, transformation   4.24184 0.0200702  -3.05854
Uncertainty matrix:   0.00166277  0.000336123 -0.000115486
 0.000336123   0.00646295   -0.0016573
-0.000115486   -0.0016573  0.000569419
SCAN: 33028
BestIsland: 31378 with error 1.84457, transformation     3.95312 -0.00106669    -3.05299
Uncertainty matrix:   0.00168037  0.000294711 -0.000112958
 0.000294711   0.00560782  -0.00151376
-0.000112958  -0.00151376  0.000580201
BestCandidate: 31378 with error 1.84457, transformation     3.95312 -0.00106669    -3.05299
Uncertainty matrix:   0.00168037  0.000294711 -0.000112958
 0.000294711   0.00560782  -0.00151376
-0.000112958  -0.00151376  0.000580201
SCAN: 33029
BestIsland: 31362 with error 1.848, transformation    4.06562 0.00237613   -3.06019
Uncertainty matrix:   0.00167268  0.000310387 -0.000113927
 0.000310387    0.0059287  -0.00157043
-0.000113927  -0.00157043  0.000576423
BestCandidate: 31373 with error 1.71957, transformation      4.028 0.00230571   -3.05165
Uncertainty matrix:   0.00168548  0.000300597 -0.000111961
 0.000300597    0.0058507  -0.00155943
-0.000111961  -0.00155943  0.000580827
SCAN: 33030
BestIsland: 31378 with error 1.70481, transformation     3.95925 -0.00559254    -3.05728
Uncertainty matrix:   0.00168009  0.000293436 -0.000112241
 0.000293436   0.00562392  -0.00151685
-0.000112241  -0.00151685  0.000580202
BestCandidate: 31385 with error 1.66614, transformation      3.9496 -0.00423776     -3.0557
Uncertainty matrix:    0.0016894  0.000280684 -0.000107833
 0.000280684   0.00561931  -0.00151746
-0.000107833  -0.00151746  0.000582978
SCAN: 33032
BestIsland: 31328 with error 1.90032, transformation  4.26624 0.016704 -3.06461
Uncertainty matrix:   0.00166413  0.000328508 -0.000111838
 0.000328508   0.00652665  -0.00166293
-0.000111838  -0.00166293  0.000566133
BestCandidate: 31338 with error 1.75114, transformation   4.24678 0.0163857  -3.06052
Uncertainty matrix:   0.00166301  0.000338385 -0.000116083
 0.000338385   0.00647794  -0.00165988
-0.000116083  -0.00165988  0.000569421
SCAN: 33033
BestIsland: 31378 with error 1.72955, transformation     3.94747 -0.00362293     -3.0531
Uncertainty matrix:   0.00168092  0.000297725 -0.000114362
 0.000297725    0.0055907  -0.00151048
-0.000114362  -0.00151048  0.000580202
BestCandidate: 31378 with error 1.72955, transformation     3.94747 -0.00362293     -3.0531
Uncertainty matrix:   0.00168092  0.000297725 -0.000114362
 0.000297725    0.0055907  -0.00151048
-0.000114362  -0.00151048  0.000580202
SCAN: 33034
BestIsland: 31378 with error 1.85698, transformation     3.95055 -0.00530788    -3.05395
Uncertainty matrix:   0.00168104  0.000298868 -0.000114672
 0.000298868    0.0055995  -0.00151217
-0.000114672  -0.00151217  0.000580202
BestCandidate: 31378 with error 1.85698, transformation     3.95055 -0.00530788    -3.05395
Uncertainty matrix:   0.00168104  0.000298868 -0.000114672
 0.000298868    0.0055995  -0.00151217
-0.000114672  -0.00151217  0.000580202
SCAN: 33035
BestIsland: 31378 with error 1.66197, transformation     3.95123 -0.00779367    -3.05501
Uncertainty matrix:  0.00168128 0.000300533 -0.00011529
0.000300533  0.00560094 -0.00151244
-0.00011529 -0.00151244 0.000580202
BestCandidate: 31378 with error 1.66197, transformation     3.95123 -0.00779367    -3.05501
Uncertainty matrix:  0.00168128 0.000300533 -0.00011529
0.000300533  0.00560094 -0.00151244
-0.00011529 -0.00151244 0.000580202
SCAN: 33037
BestIsland: 31328 with error 1.93538, transformation    4.21275 0.00347432    -3.0685
Uncertainty matrix:   0.00166846  0.000335975 -0.000116309
 0.000335975    0.0064027  -0.00164713
-0.000116309  -0.00164713  0.000570208
BestCandidate: 31344 with error 1.76296, transformation      4.14697 -0.000223053     -3.06623
Uncertainty matrix:   0.00167636   0.00032779 -0.000116341
  0.00032779   0.00623164  -0.00162512
-0.000116341  -0.00162512  0.000576795
SCAN: 33038
BestIsland: 31328 with error 1.93593, transformation      4.22845 -0.000832162     -3.07236
Uncertainty matrix:   0.00166827  0.000336372 -0.000115848
 0.000336372   0.00645194  -0.00165563
-0.000115848  -0.00165563  0.000570208
BestCandidate: 31344 with error 1.80734, transformation     4.15226 -0.00307841    -3.06673
Uncertainty matrix:  0.00167687 0.000331949  -0.0001176
0.000331949  0.00624855 -0.00162811
 -0.0001176 -0.00162811 0.000576796
SCAN: 33039
BestIsland: 31328 with error 2.47788, transformation    4.16522 0.00255316    -3.0676
Uncertainty matrix:   0.00166896    0.0003339 -0.000117517
   0.0003339   0.00624801  -0.00162013
-0.000117517  -0.00162013  0.000570205
BestCandidate: 31344 with error 1.84896, transformation     4.13949 -0.00220873    -3.06665
Uncertainty matrix:   0.00167669  0.000329226 -0.000117165
 0.000329226   0.00620708  -0.00162075
-0.000117165  -0.00162075  0.000576794
SCAN: 33040
BestIsland: 31362 with error 1.93754, transformation    3.96638 -0.0124209   -3.06204
Uncertainty matrix:    0.0016815  0.000323901 -0.000122915
 0.000323901   0.00571029  -0.00153868
-0.000122915  -0.00153868  0.000583905
BestCandidate: 31374 with error 1.76599, transformation    3.94835 -0.0196988   -3.06172
Uncertainty matrix:   0.00168267  0.000309935 -0.000118894
 0.000309935   0.00561275  -0.00151693
-0.000118894  -0.00151693  0.000581908
SCAN: 33042
BestIsland: 31328 with error 2.21073, transformation     4.18049 -0.00217596    -3.07186
Uncertainty matrix:   0.00166874  0.000334101 -0.000116994
 0.000334101   0.00629483  -0.00162835
-0.000116994  -0.00162835  0.000570209
BestCandidate: 31338 with error 1.90129, transformation     4.14016 -0.00145976    -3.06528
Uncertainty matrix:   0.00166823  0.000344738 -0.000122558
 0.000344738   0.00617866  -0.00161282
-0.000122558  -0.00161282  0.000573375
SCAN: 33043
BestIsland: 31362 with error 2.01275, transformation    3.97594 -0.0180536    -3.0689
Uncertainty matrix:   0.00167722  0.000313415 -0.000118795
 0.000313415    0.0056904  -0.00153036
-0.000118795  -0.00153036  0.000580061
BestCandidate: 31373 with error 1.78442, transformation   3.93685 -0.017848  -3.05986
Uncertainty matrix:    0.0016901  0.000303971 -0.000117033
 0.000303971   0.00560939    -0.001518
-0.000117033    -0.001518  0.000584449
SCAN: 33044
BestIsland: 31362 with error 1.91047, transformation    3.95654 -0.0168309   -3.06463
Uncertainty matrix:  0.00168174 0.000324111 -0.00012348
0.000324111  0.00567852 -0.00153264
-0.00012348 -0.00153264 0.000583905
BestCandidate: 31374 with error 1.69343, transformation    3.94653 -0.0248394   -3.06508
Uncertainty matrix:  0.00168282   0.0003106 -0.00011926
  0.0003106  0.00560537 -0.00151552
-0.00011926 -0.00151552 0.000581908
SCAN: 33045
BestIsland: 31362 with error 1.96766, transformation    3.94227 -0.0135594   -3.06097
Uncertainty matrix:   0.00168214  0.000324891 -0.000124419
 0.000324891   0.00563709  -0.00152473
-0.000124419  -0.00152473  0.000583905
BestCandidate: 31365 with error 1.78944, transformation    3.93788 -0.0152988   -3.05904
Uncertainty matrix:    0.0016848  0.000324525 -0.000124439
 0.000324525   0.00564351   -0.0015281
-0.000124439   -0.0015281  0.000585947
SCAN: 33047
BestIsland: 31328 with error 2.18488, transformation     4.18259 -0.00447227    -3.07076
Uncertainty matrix:   0.00166963   0.00034049 -0.000119134
  0.00034049   0.00630239  -0.00162967
-0.000119134  -0.00162967  0.000570209
BestCandidate: 31338 with error 1.8529, transformation     4.15062 -0.00630988     -3.0681
Uncertainty matrix:    0.0016685  0.000347736 -0.000123192
 0.000347736   0.00621055  -0.00161848
-0.000123192  -0.00161848  0.000573376
SCAN: 33048
BestIsland: 31345 with error 2.11526, transformation    4.06316 -0.0115251   -3.06756
Uncertainty matrix:   0.00167163  0.000339567 -0.000124329
 0.000339567   0.00593267  -0.00156999
-0.000124329  -0.00156999  0.000574837
BestCandidate: 31360 with error 1.85684, transformation    4.02123 -0.0158988   -3.06701
Uncertainty matrix:    0.0016854  0.000319637 -0.000118939
 0.000319637   0.00587092  -0.00156649
-0.000118939  -0.00156649  0.000582898
SCAN: 33049
BestIsland: 31328 with error 2.19373, transformation     4.15911 -0.00439124     -3.0702
Uncertainty matrix:   0.00166979  0.000338783 -0.000119515
 0.000338783   0.00622651  -0.00161634
-0.000119515  -0.00161634  0.000570207
BestCandidate: 31329 with error 1.84854, transformation     4.15223 -0.00301038    -3.06917
Uncertainty matrix:    0.001669 0.000353453 -0.00012463
0.000353453  0.00627511 -0.00163366
-0.00012463 -0.00163366 0.000576041
SCAN: 33050
BestIsland: 31362 with error 2.05564, transformation     3.9423 -0.0176241   -3.06342
Uncertainty matrix:   0.00168234  0.000326055 -0.000124887
 0.000326055    0.0056357  -0.00152447
-0.000124887  -0.00152447  0.000583907
BestCandidate: 31365 with error 1.86792, transformation    3.9378 -0.019051  -3.06084
Uncertainty matrix:   0.00168514  0.000326562 -0.000125241
 0.000326562   0.00564217  -0.00152784
-0.000125241  -0.00152784  0.000585945
SCAN: 33052
BestIsland: 31328 with error 1.97806, transformation     4.10998 -0.00771346    -3.07332
Uncertainty matrix:   0.00167551  0.000338482 -0.000121069
 0.000338482   0.00617039   -0.0016168
-0.000121069   -0.0016168  0.000578298
BestCandidate: 31342 with error 1.82434, transformation     4.06433 -0.00957199     -3.0684
Uncertainty matrix:   0.00167434  0.000342234 -0.000124844
 0.000342234   0.00600218  -0.00158857
-0.000124844  -0.00158857  0.000579495
SCAN: 33053
BestIsland: 31328 with error 2.02313, transformation     4.11843 -0.00509414    -3.07139
Uncertainty matrix:   0.00167549  0.000339408 -0.000121017
 0.000339408   0.00619902  -0.00162191
-0.000121017  -0.00162191  0.000578297
BestCandidate: 31343 with error 1.80556, transformation    4.06594 -0.0104456   -3.07013
Uncertainty matrix:    0.0016738  0.000338733 -0.000123565
 0.000338733   0.00600052  -0.00158793
-0.000123565  -0.00158793  0.000579253
SCAN: 33054
BestIsland: 31328 with error 2.43754, transformation     4.07314 0.000822374    -3.06735
Uncertainty matrix:   0.00167534  0.000333065 -0.000120668
 0.000333065   0.00605597   -0.0015962
-0.000120668   -0.0015962  0.000578298
BestCandidate: 31344 with error 1.93605, transformation      4.0503 -0.00693692     -3.0693
Uncertainty matrix:   0.00167949  0.000320821 -0.000117707
 0.000320821   0.00596928  -0.00158264
-0.000117707  -0.00158264   0.00058066
SCAN: 33057
BestIsland: 31345 with error 2.23461, transformation     4.00035 -0.00481954    -3.06891
Uncertainty matrix:   0.00167205  0.000318948 -0.000119304
 0.000318948   0.00578276  -0.00154683
-0.000119304  -0.00154683  0.000578597
BestCandidate: 31358 with error 1.97727, transformation     3.95056 -0.00391817    -3.06388
Uncertainty matrix:   0.00167982  0.000312193 -0.000118979
 0.000312193   0.00568467  -0.00153549
-0.000118979  -0.00153549  0.000585186
SCAN: 33088
BestIsland: 31378 with error 3.04923, transformation    3.62956 -0.0125699   -3.06332
Uncertainty matrix:  0.00169332 0.000258834 -0.00011216
0.000258834  0.00484995 -0.00137699
-0.00011216 -0.00137699  0.00059669
BestCandidate: 31379 with error 1.83347, transformation     3.57105 -0.00310655    -3.05249
Uncertainty matrix:   0.00172869  0.000286814 -0.000125373
 0.000286814   0.00497914  -0.00143183
-0.000125373  -0.00143183  0.000625885
SCAN: 33089
BestIsland: 31362 with error 1.99041, transformation    3.65789 0.00208924   -3.05633
Uncertainty matrix:   0.00171187  0.000315031 -0.000132583
 0.000315031   0.00518202  -0.00147237
-0.000132583  -0.00147237  0.000619656
BestCandidate: 31364 with error 1.80564, transformation     3.64897 0.000697165    -3.05458
Uncertainty matrix:   0.00172178  0.000306698 -0.000129442
 0.000306698   0.00519644  -0.00147783
-0.000129442  -0.00147783   0.00062372
SCAN: 33090
BestIsland: 31328 with error 2.12293, transformation   3.86661 0.0111283  -3.06599
Uncertainty matrix:   0.00170271  0.000338989 -0.000130359
 0.000338989   0.00582847  -0.00159721
-0.000130359  -0.00159721  0.000614209
BestCandidate: 31329 with error 1.70997, transformation   3.85944 0.0111013  -3.06629
Uncertainty matrix:   0.00170195  0.000352929 -0.000135721
 0.000352929   0.00586496  -0.00161233
-0.000135721  -0.00161233  0.000620032
SCAN: 33092
BestIsland: 31328 with error 2.082, transformation    3.86921 0.00869125   -3.06891
Uncertainty matrix:   0.00170238  0.000337219 -0.000129581
 0.000337219    0.0058347   -0.0015984
-0.000129581   -0.0015984  0.000614208
BestCandidate: 31329 with error 1.67081, transformation    3.86175 0.00968484   -3.06789
Uncertainty matrix:   0.00170179  0.000352223 -0.000135348
